4691
4724
4793
4796
4848
4932
4942
4954
4992
5032
5116
5138
5162
5163
5168
5257
5264
5273
5296
5304
5326
5333
5335
5339
5343
5355
5398
5421
5426
5428
5434
5454
5464
5469
5489
5513
5528
5551
5554
5594
5596
5614
5620
5642
5644
5660
5670
5703
5716
5721
5733
5770
5772
5816
5821
5840
5849
5853
5859
5893
5899
5910
5918
5921
5933
5940
5944
5945
5960
5981
6000
6004
6026
6029
6036
6038
6041
6050
6051
6056
6098
6119
6130
6139
6175
6176
6221
6227
6284
6295
6318
6363
6366
6383
6387
6404
6450
6459
6460
6487
6488
6494
6500
6526
6559
6601
6631
6652
6667
6679
6685
6732
6797
6864
6882
6886
6924
6933
6947
6958
6961
6968
6978
6979
7021
7135
7174
7313
7324
7602
7628
