100000001
10000016
10000018
1000010
1001000019
1008000002
101000008
10145000010
1015000004
1016000019
1021000002
1028000010
1029000000
103000014
103000017
1033000014
1040000003
104000006
10438000010
10446000003
10453000002
10507000011
10639000015
10640000012
1065000017
10658000004
1068000018
10690000005
10695000003
107000015
107000018
10742000001
10769000013
1084000009
10866000009
109000000
109000012
10913000001
110000009
110000015
11000005
11000008
11000019
11097000016
111000008
112000009
112000015
11214000003
11218000011
1122000008
11268000001
113000018
1139000018
114000009
114000016
1142000002
1146000009
1159000011
1161000003
1162000016
11677000019
117000008
1181000018
1185000019
1189000010
11928000009
1195000019
119858000011
1205000010
12084000005
1217000016
1220000001
122000002
1224000006
12283000003
1229000004
123000018
12424000001
1243000007
1251000000
12514000018
12532000004
12533000013
12599000014
126000006
127000016
1273000014
1275000007
128000013
12831000019
1291000014
1299000012
130000006
13000001
13000002
13000018
1302000019
13122000012
13141000008
1322000012
13227000006
13240000014
1330000009
1333000013
134000010
1342000014
1346000005
135000012
1354000013
13609000017
1364000018
137000001
1370000011
137000010
1382000006
1386000008
1389000002
1394000006
1395000004
14000000
14000013
1409000003
1414000019
1434000007
1436000001
144000011
14413000003
1444000013
1469000012
147000007
14794000017
149000011
1494000001
1499000014
150000004
150000012
15000008
15000017
1502000015
15059000019
1511000005
15157000017
1516000002
152000006
152000007
1521000011
1535000019
1541000018
155000011
156000018
1568000010
157000014
1580000004
1580000010
15824000012
1585000018
1591000018
1598000011
160000008
16000003
16000017
161000009
1617000007
1619000010
1628000004
163000005
164000012
1641000007
1651000007
16558000012
1661000017
1663000018
1666000012
1666000018
16720000018
168000013
16864000012
170000002
17000008
17000018
17159000004
1727000014
174000001
17487000017
175000013
1753000015
1758000001
176000008
1766000009
17699000000
1770000018
177000010
17722000003
1776000007
1780000010
1784000019
1789000005
1798000008
180000006
180000008
1815000011
1827000007
1827000018
18300000007
1856000006
1859000007
186000016
1868000008
18691000014
187000004
187000019
1884000014
1888000014
189000012
189000015
18902000010
1894000015
19000000
19000017
19023000011
19030000016
191000012
191000018
19109000018
1922000011
19343000002
194000013
1945000008
1951000008
196000019
1963000005
1963000016
19751000016
198000003
1989000013
1990000011
19904000019
1993000019
1998000006
20000001
20000007
20000008
20000016
201000016
2015000011
2026000013
203000011
204000005
2056000006
206000003
2069000004
2071000006
2071000013
2073000012
2079000011
208000013
20826000002
2083000014
20987000014
210000015
21000014
2108000017
2119000001
212000013
2121000008
213000017
2135000003
2136000018
214000003
215000014
215000017
21513000008
216000010
21607000006
21678000008
2171000013
21722000013
218000005
218000008
220000004
22000017
2203000013
22144000001
2215000008
22162000014
22179000006
2222000009
22256000011
22319000012
2247000004
2248000011
2257000002
226000013
226000015
2272000018
23000007
23000009
23000010
2301000001
23016000018
2303000016
2309000003
23095000009
23101000010
232000013
23253000016
2335000003
23413000010
2346000005
2354000017
23609000003
2367000017
2379000000
2382000016
2388000013
23939000003
2396000015
24000000
24000019
2405000014
24052000008
2412000013
243000017
2431000013
244000016
24478000004
2455000011
24554000011
247000004
247000005
24714000011
24741000004
2478000003
248000003
248000008
2487000012
24872000001
249000007
25000003
25000017
2506000009
25065000002
25097000010
251000004
251000011
2515000000
25192000015
253000000
25342000018
2550000002
2552000018
256000017
2564000004
2571000001
25721000002
258000012
259000011
2596000010
25981000012
26000008
26000010
26000016
26000017
2607000006
2610000015
262000013
262000014
2631000002
2632000004
26341000008
264000012
2666000016
2672000002
26737000006
2687000018
2688000010
269000003
269000012
269000019
27000000
27000001
270000015
27090000016
27096000009
2711000018
2724000002
2725000011
273000018
2739000018
274000004
2746000005
275000019
2752000011
2756000016
276000011
2763000007
2763000010
2766000017
2776000007
27781000011
27799000006
27887000005
279000004
27938000005
27943000002
280000018
28000003
28000007
2808000018
282000012
282000014
28231000000
28286000013
283000019
2832000003
2837000017
2844000011
285000015
2859000009
286000015
289000004
2893000011
28956000004
29000003
29000012
29000013
29000014
291000005
29254000007
29260000017
293000000
2933000013
294000000
294000012
29499000007
2950000015
2964000017
299000011
29976000016
30000000
30000001
300000011
30000009
30000011
30001000015
30054000006
3035000014
3039000015
3053000004
30672000016
307000017
3071000001
30713000010
3085000001
3096000017
310000008
31000008
31000010
31000017
3104000013
3106000001
311000013
31105000004
31347000000
314000018
31678000009
317000016
3181000004
32000000012
32000018
32000019
3225000019
323000006
3232000008
324000003
327000010
3300000006
33000007
33000016
3302000005
33042000002
33097000002
331000009
33117000008
3328000019
333000004
3335000015
3336000015
3340000002
335000006
336000002
33616000018
338000004
3399000000
341000010
3421000004
34212000015
3428000008
34359000017
345000012
3452000013
3471000019
3477000018
34866000005
349000003
35000000
35000002
35342000013
35360000012
3554000008
35618000019
3562000002
358000018
3609000006
3639000003
364000019
3650000004
3653000013
366000001
37000005
3703000019
371000002
37121000010
372000011
3732000019
376000010
3762000003
3776000016
3779000008
38000010
38000014
38090000010
382000007
382000009
3824000013
3834000012
3843000002
3845000000
385000009
3854000001
386000003
389000005
38929000010
3894000003
39000002
392000001
394000005
39746000000
3979000001
398000015
39812000004
3983000006
40000001
400000014
4009000005
4021000009
4030000006
4052000007
4060000010
40652000018
4076000014
40876000016
41000013
41000019
4104000001
4106000014
411000014
4111000009
4130000000
4136000019
414000013
4163000006
4174000012
41800000013
41910000004
4195000009
41999000003
42000013
42000019
4201000018
421000016
422000001
4225000015
42412000006
4258000002
4290000002
43000005
43000010
43000013
43000015
43000018
432000010
433000001
4344000010
4353000015
4358000005
4368000013
438000014
4397000005
4416000009
44351000013
4436000010
4440000008
445000006
445000018
4461000001
451000007
4537000006
458000011
46000018
4601000010
463000009
4631000015
4632000013
4650000019
4653000019
466000017
4662000017
469000013
47000007
47000008
47000014
4739000014
475000011
476000006
476000011
4769000000
4775000006
4780000001
4794000010
48000004
482000000
4826000001
4842000001
49000007
49000013
4932000001
497000008
4971000011
500000012
500000017
50000006
5000015
501000014
5015000005
503000002
506000011
507000001
5075000011
5098000006
510000003
51000015
51000018
5105000015
512000013
512000015
513000008
515000012
516000015
5162000008
5164000010
518000009
518000018
5186000013
52000000
5218000008
5243000011
526000002
533000003
5347000012
543000018
5433000009
5448000010
545000009
5459000015
5460000006
549000006
550000005
550000006
5535000010
554000001
558000009
5597000007
56000004
56000005
5602000019
5628000013
563000004
5671000017
569000011
5707000002
573000018
577000002
58000003
58000007
58000009
58000016
583000005
585000012
586000002
586000008
59000001
590000013
59000013
5911000016
5929000001
5941000017
59434000006
604000010
606000001
6065000018
607000015
6076000007
6079000008
6080000011
6084000019
61000008
61000013
6183000009
6192000009
6196000016
621000008
6214000008
623000011
624000016
626000015
6292000015
630000008
6308000012
6331000001
634000004
6350000005
64000007
6421000004
6434000002
6592000001
66000000
66000001
660000019
662000004
6627000007
6631000015
6650000018
67000008
67000018
6713000012
6718000002
672000017
6749000001
68000007
68000017
6809000003
6867000001
69000010
69000013
6942000019
6977000010
70000002
7000001
70000018
7000016
7000018
7037000001
7046000000
7060000004
710000004
7130000017
7196000008
7212000003
725000009
725000015
729000019
7325000014
733000009
7334000003
7395000008
7420000016
7440000005
749000017
7505000003
7520000017
752000014
753000019
764000015
7667000000
77000005
77000013
77000015
7766000014
7797000012
78000019
781000000
785000004
786000013
7886000015
7896000003
7900000015
7952000005
7953000002
7966000006
80000015
80000018
8000012
8000018
81000002
81000014
8117000018
815000019
816000000
8161000011
8168000014
8174000001
8214000009
822000011
824000009
8247000016
825000012
8294000016
83000003
8313000012
8314000002
837000011
8374000000
84000000
84000009
8451000001
846000012
8465000009
8495000006
854000000
8550000011
8558000009
857000009
8578000005
8603000012
8653000013
867000017
8671000006
8681000008
869000006
8756000016
8799000011
88000015
88000016
881000000
8839000006
884000016
887000010
889000016
89000017
89000018
8962000019
8996000002
90000016
9008000013
905000006
9051000013
908000000
91000006
91000009
9137000012
918000009
9182000019
92000007
92000018
9235000004
925000018
927000019
928000004
9283000009
9288000002
93000006
93000010
9302000013
931000017
9328000013
9343000004
936000001
9361000016
9386000018
940000014
940000018
942000001
942000009
9427000008
95000014
951000019
96000010
96000014
9608000010
966000016
968000000
970000007
9703000013
9704000000
9719000005
98000004
98000019
983000012
9849000002
