1000010
1008000002
103000014
1040000003
107000015
109000012
11000005
11097000016
112000009
113000018
1159000011
119858000011
123000018
1273000014
128000013
13240000014
1333000013
1370000011
137000010
14000000
15000008
152000006
152000007
1541000018
1580000004
1591000018
16000003
1663000018
1666000012
17699000000
180000006
1945000008
1990000011
19904000019
20000007
20000008
204000005
2069000004
2079000011
210000015
213000017
2136000018
216000010
21722000013
226000013
2303000016
2388000013
24000019
2405000014
24478000004
247000005
248000003
248000008
25000017
2506000009
253000000
2550000002
2552000018
269000003
273000018
2746000005
275000019
27938000005
286000015
2893000011
29000003
29000013
29000014
29260000017
294000012
30000000
30000001
30000009
30054000006
3053000004
310000008
31000008
31105000004
32000018
32000019
333000004
3335000015
336000002
3399000000
3452000013
34866000005
3762000003
385000009
386000003
39746000000
400000014
40876000016
4111000009
414000013
4195000009
42000013
422000001
42412000006
43000010
43000013
4353000015
4358000005
44351000013
451000007
458000011
463000009
4662000017
47000014
4780000001
4794000010
48000004
49000013
503000002
5098000006
510000003
5105000015
516000015
518000018
550000006
563000004
573000018
58000007
586000008
59000001
590000013
621000008
6214000008
626000015
630000008
64000007
66000000
6749000001
68000007
68000017
70000002
7130000017
7212000003
7325000014
733000009
752000014
753000019
77000005
77000015
786000013
7966000006
8000012
81000014
8168000014
8294000016
8314000002
8374000000
846000012
8558000009
867000017
8799000011
88000015
905000006
928000004
942000001
951000019
9704000000
9719000005
