171
191
205
120
101
208
139
87
203
193
139
143
203
165
204
49
150
69
158
139
171
88
109
84
198
198
68
94
119
149
189
153
133
177
150
175
170
90
118
105
163
190
210
145
156
147
184
102
96
105
100
187
175
159
196
92
160
199
177
130
143
168
174
172
135
189
144
215
99
102
157
100
118
170
180
184
157
72
113
175
143
154
152
157
96
191
164
146
178
92
48
180
112
135
111
97
154
118
164
181
104
99
134
101
121
161
164
113
206
192
187
99
186
183
205
93
112
165
119
123
107
171
166
142
154
186
138
104
172
160
187
82
149
214
185
145
181
167
105
184
138
179
120
179
165
149
164
156
102
79
215
113
184
55
212
162
93
149
140
169
173
157
107
180
149
137
95
110
106
141
130
215
96
200
133
133
149
79
103
163
120
147
189
157
103
76
190
125
64
55
156
144
155
118
204
206
179
106
94
172
184
167
158
48
193
176
80
122
176
123
106
182
187
202
108
140
179
198
189
175
172
193
197
192
136
139
211
188
152
92
127
131
126
131
150
206
152
114
142
144
163
171
104
186
130
194
170
119
145
209
101
157
127
51
108
117
169
175
183
180
78
84
200
69
126
155
189
162
188
176
107
127
88
114
194
138
130
147
184
141
72
211
129
132
171
90
210
125
167
177
182
142
173
64
91
165
83
125
153
165
96
180
170
109
193
59
154
158
215
154
176
189
164
147
164
145
182
143
168
124
168
189
133
201
187
154
178
213
115
56
127
108
126
170
201
177
134
184
156
159
162
132
209
88
100
101
182
156
156
75
167
163
178
184
105
166
134
166
122
81
165
137
143
168
150
170
118
204
98
134
150
120
118
51
195
184
135
140
174
131
208
185
78
80
182
213
175
105
109
171
130
82
120
192
89
171
116
185
152
97
153
188
187
102
167
140
147
194
178
113
144
52
156
203
162
142
182
59
49
160
56
145
126
192
126
173
159
141
91
103
163
82
145
136
195
130
79
82
131
147
134
77
148
178
83
152
156
162
147
153
190
161
179
166
172
55
129
142
139
104
150
107
170
174
140
153
106
168
153
124
173
48
67
184
187
184
76
164
143
52
129
126
171
197
167
213
117
77
133
97
119
147
116
167
198
53
146
175
62
84
153
194
102
163
169
51
162
144
201
122
181
139
175
120
106
71
103
75
47
67
131
75
144
153
78
94
199
150
205
115
144
189
147
174
205
176
97
185
164
95
113
154
174
207
197
189
163
47
203
195
203
124
145
142
153
145
147
207
134
101
136
83
159
203
168
80
63
138
99
174
207
171
112
179
152
205
134
166
185
189
155
68
94
168
210
161
110
156
159
106
104
122
198
141
118
153
164
53
174
183
106
196
200
153
99
132
128
213
167
104
147
139
147
96
99
176
171
152
75
175
181
137
151
187
115
122
164
121
156
188
209
174
171
117
147
168
165
182
162
120
131
135
175
188
166
99
140
160
157
123
165
196
81
193
176
184
111
164
